58
97
78
83
73
303
258
306
284
230
96
88
64
62
65
217
182
205
129
256
70
67
74
78
73
188
158
207
170
218
65
56
77
62
74
252
148
207
175
163
62
66
84
92
50
173
155
148
227
148
55
97
61
69
91
178
184
177
155
172
48
84
110
52
76
187
174
200
258
163
64
77
64
61
83
174
164
157
189
163
86
64
52
63
83
167
180
201
240
138
64
90
59
77
61
169
186
135
212
177
56
61
60
65
65
156
159
207
201
201
62
76
85
59
70
151
136
172
208
164
74
60
69
57
69
134
145
177
139
167
55
60
85
54
57
287
171
188
183
146
103
70
51
50
77
181
210
270
131
235
61
63
47
92
64
208
193
252
285
143
68
61
87
50
63
155
267
150
231
181
53
72
68
53
60
302
177
174
226
202
71
68
63
60
76
128
121
207
176
225
51
54
66
64
84
251
148
179
140
153
61
59
72
87
60
191
206
139
193
136
75
54
63
54
68
183
253
174
153
163
78
68
55
83
53
147
172
156
141
218
79
51
59
59
62
161
165
170
220
151
53
61
60
56
127
190
268
185
205
163
54
69
65
65
59
225
279
197
180
193
64
74
55
97
86
147
151
171
149
191
55
48
80
59
98
195
164
153
135
137
49
81
71
64
65
189
165
163
137
153
83
75
63
55
55
134
138
230
151
164
52
69
56
77
59
193
157
184
152
218
52
69
41
51
56
218
148
167
133
187
61
59
75
59
62
123
165
172
167
235
72
70
56
76
66
168
191
116
278
166
66
75
52
94
53
151
254
167
207
173
62
57
50
59
58
182
143
152
159
152
58
63
116
59
56
176
214
186
243
105
73
60
73
90
71
195
138
164
189
166
88
62
50
70
72
138
163
144
130
142
62
96
60
83
54
133
178
173
142
153
57
66
49
55
58
127
256
156
166
209
83
60
62
77
47
227
196
165
187
160
57
59
84
73
82
189
161
167
132
141
82
51
61
57
77
170
211
145
131
173
88
54
72
74
117
166
310
154
174
144
62
52
63
95
92
161
162
229
130
201
55
114
70
87
56
137
175
169
164
220
77
64
65
92
62
154
161
186
163
144
57
53
44
55
84
143
204
202
188
179
61
54
116
76
67
142
143
191
183
136
11
9
9
15
11
14
33
20
23
26
11
12
11
11
13
34
20
29
17
19
14
10
19
15
10
22
20
25
28
26
10
13
13
9
13
26
18
38
23
22
16
20
13
10
17
22
35
18
16
22
14
12
11
12
14
23
20
37
25
21
10
10
11
13
15
25
18
26
23
21
11
11
11
13
14
30
18
27
19
25
11
10
10
14
11
21
24
22
23
22
17
13
12
13
12
24
24
23
37
25
10
11
11
11
10
21
23
20
27
25
11
12
12
11
12
33
26
19
25
19
12
12
10
12
13
20
25
30
26
18
12
11
11
11
13
19
25
32
34
29
16
12
12
14
14
34
32
20
24
26
12
12
12
12
11
18
18
21
28
23
12
15
11
19
12
25
50
31
24
32
13
12
14
12
16
28
21
21
27
22
13
10
14
14
13
19
21
38
26
24
14
13
12
12
13
26
26
25
22
21
11
12
12
11
12
27
25
28
19
22
13
12
12
11
12
26
24
28
23
31
13
15
12
14
13
22
26
19
22
24
12
11
10
12
11
22
23
28
27
20
13
12
14
12
13
18
19
24
23
24
12
13
16
14
11
24
27
37
30
24
12
12
13
12
12
30
19
20
35
32
11
12
11
14
12
22
31
28
20
26
14
12
14
11
16
26
25
20
31
26
16
11
11
12
11
29
24
20
28
24
16
14
12
13
11
64
20
24
27
21
16
17
12
13
20
21
26
21
21
31
13
13
13
13
15
23
26
20
21
29
13
13
11
12
13
23
30
22
20
20
15
12
15
13
14
25
31
24
42
19
14
12
13
14
13
23
20
28
25
22
12
11
15
13
14
23
26
25
29
28
12
13
12
12
17
23
24
20
28
26
14
13
12
14
13
38
21
30
26
28
13
11
15
13
11
25
20
29
23
30
12
14
16
10
16
20
27
22
26
18
14
17
13
20
13
33
25
19
27
23
15
13
12
12
12
26
26
26
24
29
11
14
14
13
11
22
26
21
23
20
13
15
15
11
12
23
22
26
24
30
11
14
13
13
11
25
39
22
20
20
12
14
13
17
13
26
22
24
29
23
14
13
12
12
17
48
30
22
22
24
17
15
13
13
12
24
23
29
29
21
13
13
12
13
12
21
21
25
23
22
256
216
209
279
161
273
280
271
331
249
215
273
168
126
194
233
182
164
156
171
102
97
107
164
151
113
141
142
252
177
95
98
153
167
215
161
139
113
164
134
112
112
77
146
99
138
98
129
108
199
100
98
162
68
114
127
84
129
82
98
73
73
87
85
84
112
146
81
83
152
95
106
79
88
107
101
75
156
83
82
67
91
74
72
78
101
85
59
67
76
78
57
87
65
87
71
72
95
60
77
78
84
62
65
61
52
62
79
50
69
69
57
46
99
43
52
68
64
60
55
63
48
53
63
70
70
60
59
70
80
68
56
44
68
45
80
47
73
49
43
56
51
57
61
53
59
49
49
46
71
50
59
77
64
46
61
44
50
39
58
60
35
50
51
44
59
45
53
72
50
56
52
61
40
33
35
32
47
38
40
39
57
53
40
38
38
35
38
54
43
30
38
52
57
41
45
37
43
40
36
36
45
48
28
37
49
47
41
37
38
36
48
43
52
37
47
36
34
61
47
34
41
40
45
45
38
39
29
31
39
34
35
36
32
61
32
31
41
59
34
51
29
32
41
34
34
58
31
48
37
36
36
30
31
32
44
37
32
38
35
44
41
34
37
26
41
75
39
32
31
50
27
42
35
34
42
42
33
28
33
56
35
34
38
25
39
49
25
39
26
27
32
25
26
43
28
30
28
29
36
35
34
58
44
30
38
35
29
29
33
27
35
45
35
31
25
32
23
25
32
33
40
26
32
28
29
34
28
27
28
39
39
23
24
33
31
26
27
26
26
32
26
25
40
29
49
30
23
32
26
26
33
34
44
25
27
27
27
26
27
26
40
37
23
26
23
24
36
26
30
21
47
31
26
25
27
24
29
32
22
32
23
40
29
21
27
28
27
29
30
35
22
29
28
40
23
32
23
32
36
21
27
22
18
26
25
23
19
21
25
21
21
37
31
19
24
19
25
20
24
33
26
24
30
20
20
33
22
28
21
23
32
25
24
24
27
30
26
29
31
25
23
35
21
23
28
20
26
32
28
29
18
18
20
28
19
23
23
20
30
19
29
23
19
26
18
20
28
20
21
19
24
25
22
17
25
22
21
20
22
18
22
19
21
20
23
22
19
23
18
23
24
20
39
18
20
20
18
20
30
