39
27
31
28
39
59
54
60
52
59
26
30
33
40
35
51
55
42
49
54
27
26
25
27
29
57
41
60
58
47
27
29
31
28
36
57
56
60
60
54
31
33
38
27
31
51
55
57
64
56
28
30
36
26
34
46
58
71
64
60
26
30
25
26
23
48
58
47
52
60
27
41
30
37
30
60
56
53
86
50
29
26
45
25
29
52
45
50
56
50
26
24
35
24
28
60
45
63
48
44
29
29
30
25
29
64
49
59
55
47
35
29
30
32
31
53
51
56
45
51
34
29
30
27
28
55
55
66
52
50
43
24
28
32
25
49
44
51
57
68
33
27
31
34
25
50
61
50
47
48
28
22
37
32
30
52
51
49
57
59
27
30
34
29
30
60
55
47
55
42
30
33
31
31
31
53
55
68
50
41
33
44
28
44
35
51
59
54
45
65
32
33
29
24
26
48
56
66
58
52
30
32
27
34
30
55
54
63
46
63
28
30
29
33
31
49
67
56
51
67
40
28
28
26
27
56
61
46
58
60
34
27
27
23
29
50
66
50
50
59
27
33
36
31
28
42
67
56
69
49
26
34
27
31
28
67
57
48
46
66
36
36
34
31
26
47
63
41
48
63
28
31
27
28
28
55
68
46
52
56
28
27
29
27
27
69
69
50
62
54
33
27
27
26
29
60
58
44
48
53
28
30
33
38
26
63
57
49
69
54
27
28
25
22
28
48
48
43
50
60
25
31
38
32
28
47
53
54
55
62
25
31
32
27
41
54
64
50
69
59
35
33
31
34
32
51
56
43
57
57
22
28
27
38
31
63
56
58
53
74
27
30
28
28
29
54
48
47
44
60
29
39
43
41
26
51
48
51
50
73
27
26
37
28
32
67
58
52
54
58
35
31
27
29
39
54
67
50
57
51
31
32
31
26
26
51
59
63
46
56
25
33
36
22
41
70
56
53
53
44
26
28
27
28
31
60
48
63
50
57
26
30
24
28
29
47
51
73
43
66
30
35
30
27
27
47
59
59
47
54
28
32
26
25
32
50
48
54
50
59
25
30
36
27
32
52
53
46
51
53
30
23
32
33
31
52
58
61
53
63
29
29
22
30
26
53
55
56
72
52
29
27
29
34
28
56
51
52
46
50
200
200
200
200
200
200
200
200
200
200
400
400
400
400
400
400
400
400
400
400
600
600
600
600
600
600
600
600
600
600
800
800
800
800
800
800
800
800
800
800
1000
1000
1000
1000
1000
1000
1000
1000
1000
1000
1200
1200
1200
1200
1200
1200
1200
1200
1200
1200
1400
1400
1400
1400
1400
1400
1400
1400
1400
1400
1600
1600
1600
1600
1600
1600
1600
1600
1600
1600
1800
1800
1800
1800
1800
1800
1800
1800
1800
1800
2000
2000
2000
2000
2000
2000
2000
2000
2000
2000
2200
2200
2200
2200
2200
2200
2200
2200
2200
2200
2400
2400
2400
2400
2400
2400
2400
2400
2400
2400
2600
2600
2600
2600
2600
2600
2600
2600
2600
2600
2800
2800
2800
2800
2800
2800
2800
2800
2800
2800
3000
3000
3000
3000
3000
3000
3000
3000
3000
3000
3200
3200
3200
3200
3200
3200
3200
3200
3200
3200
3400
3400
3400
3400
3400
3400
3400
3400
3400
3400
3600
3600
3600
3600
3600
3600
3600
3600
3600
3600
3800
3800
3800
3800
3800
3800
3800
3800
3800
3800
4000
4000
4000
4000
4000
4000
4000
4000
4000
4000
4200
4200
4200
4200
4200
4200
4200
4200
4200
4200
4400
4400
4400
4400
4400
4400
4400
4400
4400
4400
4600
4600
4600
4600
4600
4600
4600
4600
4600
4600
4800
4800
4800
4800
4800
4800
4800
4800
4800
4800
5000
5000
5000
5000
5000
5000
5000
5000
5000
5000
5200
5200
5200
5200
5200
5200
5200
5200
5200
5200
5400
5400
5400
5400
5400
5400
5400
5400
5400
5400
5600
5600
5600
5600
5600
5600
5600
5600
5600
5600
5800
5800
5800
5800
5800
5800
5800
5800
5800
5800
6000
6000
6000
6000
6000
6000
6000
6000
6000
6000
6200
6200
6200
6200
6200
6200
6200
6200
6200
6200
6400
6400
6400
6400
6400
6400
6400
6400
6400
6400
6600
6600
6600
6600
6600
6600
6600
6600
6600
6600
6800
6800
6800
6800
6800
6800
6800
6800
6800
6800
7000
7000
7000
7000
7000
7000
7000
7000
7000
7000
7200
7200
7200
7200
7200
7200
7200
7200
7200
7200
7400
7400
7400
7400
7400
7400
7400
7400
7400
7400
7600
7600
7600
7600
7600
7600
7600
7600
7600
7600
7800
7800
7800
7800
7800
7800
7800
7800
7800
7800
8000
8000
8000
8000
8000
8000
8000
8000
8000
8000
8200
8200
8200
8200
8200
8200
8200
8200
8200
8200
8400
8400
8400
8400
8400
8400
8400
8400
8400
8400
8600
8600
8600
8600
8600
8600
8600
8600
8600
8600
8800
8800
8800
8800
8800
8800
8800
8800
8800
8800
9000
9000
9000
9000
9000
9000
9000
9000
9000
9000
9200
9200
9200
9200
9200
9200
9200
9200
9200
9200
9400
9400
9400
9400
9400
9400
9400
9400
9400
9400
9600
9600
9600
9600
9600
9600
9600
9600
9600
9600
9800
9800
9800
9800
9800
9800
9800
9800
9800
9800
10000
10000
10000
10000
10000
10000
10000
10000
10000
10000
65
57
52
60
61
65
76
67
79
61
39
43
48
41
55
52
66
55
52
57
43
45
45
42
45
43
48
60
45
58
52
40
53
41
43
70
48
52
51
44
41
42
36
40
44
46
57
41
39
37
33
37
34
33
36
38
36
38
41
40
27
34
37
30
28
40
41
39
37
38
34
40
34
34
36
39
36
42
38
45
34
31
39
44
37
40
37
35
32
36
33
27
38
29
33
32
34
26
36
35
27
30
35
35
30
46
31
31
31
34
26
24
27
32
26
28
35
33
31
32
47
28
29
28
39
32
30
33
35
34
33
26
26
25
30
40
29
31
31
27
33
24
26
25
29
27
28
26
31
32
26
24
29
26
25
26
31
25
31
31
25
25
22
24
24
29
32
33
27
30
25
27
25
24
27
28
28
31
26
31
20
25
23
21
22
24
34
26
33
25
25
21
24
19
26
32
23
23
30
28
24
27
25
22
19
28
21
28
24
21
21
23
24
20
28
24
34
31
22
30
23
22
22
20
23
24
22
20
24
29
25
21
19
19
27
25
24
30
26
27
21
22
24
25
21
27
28
28
26
29
20
26
20
26
23
27
28
28
23
26
19
25
22
23
19
35
22
21
27
25
26
19
17
19
20
25
34
22
22
24
23
24
18
21
18
30
25
22
20
22
22
28
23
24
24
23
19
28
22
21
20
24
23
19
21
20
19
20
21
21
21
21
21
21
22
27
20
23
21
23
18
19
21
19
19
23
21
23
21
23
16
24
26
20
20
22
21
24
22
20
20
21
26
20
20
20
28
24
22
24
18
18
21
20
24
23
24
20
20
22
22
19
17
16
17
20
23
27
21
19
21
17
24
17
20
21
21
18
23
23
17
18
16
19
22
21
19
21
22
18
21
16
19
22
26
20
17
23
21
20
20
17
21
22
18
20
22
21
22
19
18
21
19
16
17
21
19
21
20
17
24
19
17
16
18
21
19
21
19
17
22
21
20
21
20
17
24
20
20
30
16
20
21
17
19
18
25
21
21
16
15
15
16
19
19
22
30
19
23
16
16
18
19
15
18
25
18
21
22
17
15
20
19
18
16
22
17
20
20
21
22
18
16
15
14
19
22
18
19
24
15
18
18
17
14
19
16
20
20
17
