1324
761
310
277
639
833
1311
1205
2499
1260
718
521
521
790
470
1545
1882
1514
1326
1174
553
375
523
462
782
1230
2003
974
1259
1256
364
347
281
420
679
1793
1890
1310
2573
2013
487
687
472
495
483
2057
1576
1999
1596
982
999
425
655
561
339
1604
1633
1100
1841
976
508
810
598
438
385
1607
1629
997
1218
2045
407
673
852
313
712
757
1728
1736
2361
832
276
342
529
426
313
1453
1840
1582
2544
1567
760
710
361
349
548
1465
1539
2493
1768
1350
278
423
206
718
400
666
1673
1338
2002
1732
400
425
517
500
315
763
1478
1457
1051
1084
373
332
506
428
706
1126
923
1536
2501
1371
271
382
537
459
243
1212
1119
1216
1543
1529
470
313
633
605
490
1393
1165
2343
993
1325
405
759
433
302
396
543
1772
1767
1172
1393
453
400
324
816
635
826
1256
1620
850
711
565
263
397
304
492
947
1032
900
1110
983
306
616
236
282
313
2267
1475
1787
1516
1891
369
518
255
292
380
1100
1169
1337
1307
1148
420
321
360
306
336
1553
700
1057
769
736
453
335
591
692
344
753
2232
1704
950
992
430
199
484
360
189
1399
971
1625
1368
1193
307
365
342
375
440
893
940
637
1333
798
386
276
244
229
430
1379
1281
1013
1054
1235
589
271
254
403
610
2155
1222
804
1211
529
677
405
369
230
356
1404
633
912
1417
737
371
465
192
722
325
1020
1943
965
1713
844
433
442
574
381
369
1709
1441
939
1137
1586
312
492
408
301
684
1345
1629
829
1519
821
487
297
533
291
251
702
1121
912
1270
1070
187
400
534
706
233
1195
820
797
1058
928
576
287
366
487
226
1147
1024
1631
545
1851
262
413
429
318
346
1500
890
804
1073
1178
286
276
278
347
443
2628
1157
1417
651
1368
347
270
314
356
430
995
918
1095
1432
1137
350
255
592
415
239
924
1037
718
1461
1596
517
327
329
315
263
1540
788
1187
2081
952
350
215
365
283
278
772
825
613
1391
607
347
597
663
362
365
1325
655
1539
1205
1191
384
345
196
277
232
801
820
1121
808
731
410
450
479
308
277
1241
2381
1336
1255
848
507
255
202
457
166
1679
548
984
714
1017
296
264
508
229
437
606
537
1013
1163
937
379
204
246
302
141
698
940
619
592
672
254
275
242
293
324
1081
860
555
1184
1377
415
451
227
266
293
697
1065
838
1491
1136
335
387
264
222
512
741
752
2467
1848
765
314
260
311
400
325
792
598
1119
906
1048
269
391
421
213
219
698
1528
681
1390
1170
33
57
17
51
39
50
80
78
81
71
41
38
35
60
52
56
82
85
76
114
47
39
54
63
99
82
105
76
92
79
42
77
42
50
44
76
69
170
78
117
71
88
56
60
71
102
134
114
117
88
62
50
39
80
59
79
83
98
100
158
76
41
39
114
58
190
102
163
124
119
85
42
63
90
58
176
84
177
99
102
101
72
37
61
72
118
120
97
108
98
51
126
53
56
51
88
117
88
108
127
110
102
74
59
90
138
118
267
71
164
68
72
57
111
104
159
156
169
208
97
90
95
63
119
56
117
170
195
143
128
64
88
140
130
65
132
137
286
152
157
59
62
116
131
57
133
119
97
152
122
153
79
106
81
74
121
187
195
111
145
159
58
102
82
70
219
110
118
107
115
88
80
60
90
73
136
151
199
191
146
58
50
132
63
112
141
224
212
120
107
104
95
140
75
65
147
286
124
113
101
76
66
107
102
76
208
257
119
161
135
145
110
73
112
79
155
185
183
201
126
50
120
102
116
91
126
140
228
140
206
70
91
76
60
87
142
151
187
272
197
77
84
98
79
125
163
226
149
133
114
58
137
115
83
138
128
174
160
143
166
101
90
84
93
95
210
213
129
179
141
109
94
71
83
69
112
264
118
146
227
145
61
76
154
91
133
148
199
409
306
112
82
80
135
83
267
180
231
193
194
98
154
85
101
100
268
150
130
102
263
77
83
143
85
96
137
133
217
184
192
119
152
94
78
158
133
200
155
217
180
92
91
100
87
86
151
88
130
350
223
95
69
163
83
102
214
208
186
216
143
91
117
81
116
128
154
190
190
172
171
90
78
117
95
144
149
117
194
156
212
117
72
98
129
132
295
211
202
132
194
132
90
78
130
101
159
160
138
170
207
88
92
139
138
106
207
188
164
164
153
82
84
97
71
81
134
114
154
175
252
148
105
87
102
93
166
201
131
214
143
111
101
127
75
87
242
267
299
197
133
85
133
151
94
88
173
252
139
382
159
83
80
150
122
90
165
230
191
210
128
86
105
134
96
110
179
167
237
199
141
75
119
140
105
123
145
260
372
209
187
98
173
88
96
151
153
166
170
162
186
99
71
86
114
85
217
145
186
147
165
132
114
129
102
178
268
138
169
184
237
824
380
1394
1383
788
1126
1415
1091
1293
1233
654
780
578
596
855
1351
1794
1200
880
1290
1081
488
686
652
646
1164
1182
853
2093
784
886
1096
620
686
652
1245
1524
823
645
624
705
722
459
770
539
958
769
415
529
768
984
337
669
1225
1117
694
765
607
1161
595
399
385
450
958
664
680
486
775
492
437
397
513
378
376
441
525
1568
443
708
570
386
333
577
533
707
689
543
528
838
788
400
709
768
977
451
662
700
473
416
506
671
362
357
321
514
454
559
313
525
474
293
506
432
465
328
478
344
521
265
338
714
576
342
638
345
839
333
385
654
306
403
298
248
551
291
226
299
473
362
760
730
280
222
354
249
431
653
299
359
349
482
399
201
254
395
412
476
334
339
289
568
414
210
405
292
298
473
374
510
300
340
222
277
299
307
523
449
324
357
445
151
249
372
314
627
500
292
386
356
268
317
234
323
417
325
613
542
218
555
272
365
369
371
154
180
266
245
259
368
328
153
316
185
369
297
218
485
220
231
221
232
244
359
284
273
475
440
344
266
319
412
279
240
244
456
334
326
362
252
259
201
227
281
488
173
354
259
186
218
455
426
164
258
250
304
257
288
210
350
240
157
314
304
202
190
186
358
402
419
306
173
126
130
242
282
303
159
293
159
197
250
203
211
400
207
268
298
259
220
309
189
278
508
394
315
208
176
217
212
287
462
168
272
216
160
317
251
179
221
308
140
219
240
205
421
190
221
307
194
304
228
330
311
155
164
257
263
343
175
198
147
171
197
238
210
263
195
250
177
182
279
261
142
140
228
265
238
157
136
295
188
172
316
222
166
171
138
228
238
151
149
254
308
198
352
136
185
237
204
239
213
232
224
149
292
141
319
173
260
155
163
272
204
153
381
220
184
178
179
172
176
287
210
147
232
126
201
134
177
139
143
238
175
225
191
183
166
132
111
160
236
379
233
209
175
174
181
183
185
221
268
172
138
174
481
165
140
158
148
156
334
263
201
169
199
245
209
168
287
202
245
170
154
188
187
135
227
160
147
164
133
197
128
134
200
140
171
221
303
183
206
211
179
248
151
184
163
127
172
149
193
118
125
236
256
203
142
96
152
221
194
245
196
171
139
168
171
140
116
225
96
178
184
214
270
147
190
120
217
104
