83
142
177
126
109
175
169
144
207
183
290
290
194
220
244
279
136
170
202
245
224
502
223
238
239
245
304
266
224
294
229
300
191
208
283
243
265
214
254
255
243
340
272
189
325
295
245
217
291
240
200
265
198
242
285
171
215
301
315
484
209
236
294
206
259
228
214
256
307
327
387
251
290
283
220
325
471
318
286
251
293
351
375
248
222
255
305
291
284
240
299
275
294
276
309
224
314
250
237
316
81
51
72
56
49
59
60
61
49
54
52
79
64
64
69
62
60
63
81
77
70
81
71
82
68
75
83
71
77
54
80
76
87
68
71
79
70
89
82
64
80
88
57
79
74
91
81
82
84
71
90
113
73
79
84
84
95
81
69
86
81
124
67
81
84
101
94
103
84
108
78
105
86
80
94
121
78
110
103
89
77
87
80
84
85
90
90
93
73
68
67
104
80
83
90
78
94
90
87
94
34
36
31
40
36
36
50
39
55
46
48
42
52
38
52
40
51
57
43
50
51
51
41
48
41
51
45
58
52
41
47
57
54
38
47
58
51
48
51
52
49
42
52
49
46
50
52
47
54
48
54
57
44
76
46
66
53
47
57
51
43
47
49
45
56
53
53
55
53
51
63
57
54
51
53
65
71
51
50
50
79
53
51
55
60
77
57
46
67
59
69
60
63
72
49
64
58
86
70
53
25
26
33
24
26
27
42
46
29
44
38
34
29
34
43
39
33
41
42
34
59
40
35
31
41
42
40
35
31
42
40
41
39
48
51
34
35
48
49
38
49
39
44
37
38
43
41
44
36
33
40
48
41
62
44
39
47
35
39
41
68
43
43
44
48
40
37
47
39
41
43
47
39
35
45
37
37
44
48
37
40
38
45
50
48
38
40
49
37
43
47
42
41
59
38
40
46
45
49
38
30
29
24
24
23
28
27
28
24
26
29
23
30
31
30
29
37
47
37
32
31
33
41
42
26
34
33
35
33
37
29
29
29
27
32
25
34
33
42
35
33
30
31
41
23
33
36
35
36
32
33
37
28
32
36
36
27
36
53
34
35
48
39
39
36
36
35
36
32
29
35
35
28
27
34
32
33
34
29
36
33
37
35
39
36
50
37
33
33
37
35
35
28
33
39
39
33
45
33
46
143
150
214
188
208
157
149
216
223
301
220
176
221
219
255
207
217
251
363
232
156
256
153
189
185
294
235
241
265
223
299
282
181
199
161
264
633
291
288
189
234
193
266
351
278
264
256
391
212
294
241
261
240
244
305
301
280
276
280
250
202
236
224
247
309
247
237
220
229
183
321
309
215
354
248
197
227
338
225
263
328
350
370
200
270
215
465
250
304
283
270
261
289
291
241
376
200
311
249
348
47
82
36
49
51
56
54
58
71
135
50
53
56
56
66
62
61
93
52
84
72
67
58
74
71
63
54
90
66
85
63
65
68
87
64
66
76
73
64
84
60
66
64
88
83
70
68
81
71
77
61
74
98
105
73
60
74
68
68
74
74
71
75
69
60
71
83
79
66
88
100
73
77
63
72
82
76
76
102
88
72
83
88
72
91
72
89
70
88
78
86
82
71
61
77
94
87
93
92
99
50
32
44
31
37
30
35
35
34
40
38
42
31
39
52
39
33
42
44
50
43
59
38
42
36
36
54
41
43
42
43
60
38
57
50
54
44
45
37
63
47
50
44
49
53
41
50
48
49
47
51
49
50
47
47
71
56
58
48
41
51
41
45
62
48
54
45
53
40
82
53
48
45
45
60
46
49
55
61
48
46
51
51
53
69
74
57
48
54
60
62
52
64
54
48
58
50
58
50
46
25
32
35
26
20
34
29
27
38
28
36
41
43
36
23
27
29
41
36
49
37
48
33
29
40
42
43
33
35
32
40
33
39
39
32
36
30
43
34
37
36
41
38
38
43
28
39
46
44
43
42
43
33
39
36
47
41
40
36
31
44
29
60
34
36
40
52
39
37
38
51
37
39
41
40
47
43
35
45
35
36
41
41
42
34
41
35
36
40
34
40
40
50
39
41
37
43
43
44
41
26
16
22
28
18
24
33
19
29
24
29
27
21
26
30
27
28
31
29
29
28
26
30
28
35
37
31
31
32
30
29
31
25
31
26
29
34
29
33
26
32
36
31
33
29
33
29
37
40
29
42
29
29
33
30
40
27
38
30
37
31
28
44
27
33
26
39
30
39
39
36
29
32
41
28
29
36
33
38
42
38
38
28
29
33
34
35
30
41
37
35
29
32
33
30
35
28
32
38
30
189
126
174
138
130
178
222
173
177
128
225
189
124
139
149
205
200
300
232
192
234
269
170
178
213
133
237
194
297
134
244
278
198
265
237
230
291
231
177
209
282
176
248
236
224
335
164
284
250
179
285
211
289
210
193
194
206
315
233
247
198
345
194
374
218
205
206
186
203
239
385
231
280
453
270
206
282
351
352
320
247
325
267
266
263
201
219
309
248
280
237
212
267
199
363
254
267
239
256
287
48
73
49
37
56
49
40
51
53
76
49
56
59
47
46
47
61
77
73
77
84
57
76
66
64
72
68
90
79
61
69
60
98
55
58
81
71
92
74
70
86
60
89
93
79
102
61
85
72
84
62
93
82
75
75
73
87
80
68
75
91
88
68
77
87
70
77
63
62
73
71
68
59
84
76
78
68
96
75
94
84
71
87
98
75
63
70
71
81
80
74
88
67
100
76
95
81
86
62
76
28
38
34
31
31
63
38
64
33
48
43
38
41
40
48
45
44
42
44
48
52
45
40
41
45
44
39
59
38
44
50
45
42
44
48
63
48
42
43
36
48
44
50
46
48
53
39
51
59
52
49
90
47
54
49
48
55
46
38
47
45
54
52
50
51
56
61
46
49
50
57
48
71
64
55
49
54
48
44
55
48
59
67
60
39
45
53
45
62
50
64
53
64
50
52
50
62
56
49
72
22
26
19
32
31
35
39
29
25
30
26
32
27
37
34
30
32
38
34
34
39
31
42
35
37
31
32
33
32
40
36
46
32
36
40
35
34
50
32
34
33
40
37
44
32
32
44
35
33
39
34
38
34
40
43
39
39
46
32
29
34
35
37
41
37
55
37
29
41
36
54
35
38
36
41
35
41
49
41
38
46
37
38
36
44
33
42
34
43
50
41
52
46
38
42
44
47
40
45
40
25
21
20
18
23
26
31
22
21
22
20
21
31
24
28
26
28
28
36
26
25
24
31
27
25
36
23
24
35
30
25
26
29
31
28
33
38
36
30
30
26
31
27
35
41
28
34
43
28
40
35
33
29
35
34
30
31
27
37
32
24
33
33
27
31
30
31
32
34
35
34
36
34
28
34
30
32
41
36
37
28
30
33
38
28
33
39
37
33
35
33
32
39
30
34
40
32
29
35
29
