0.1 0.01 2500
0.1 0.0033 7500
0.116 0.01 2500
0.116 0.0033 7500
0.133 0.01 2500
0.133 0.0033 7500
0.149 0.01 2500
0.149 0.0033 7500
0.165 0.01 2500
0.165 0.0033 7500
0.182 0.01 2500
0.182 0.0033 7500
0.198 0.01 2500
0.198 0.0033 7500
0.214 0.01 2500
0.214 0.0033 7500
0.231 0.01 2500
0.231 0.0033 7500
0.247 0.01 2500
0.247 0.0033 7500
0.263 0.01 2500
0.263 0.0033 7500
0.28 0.01 2500
0.28 0.0033 7500
0.296 0.01 2500
0.296 0.0033 7500
0.312 0.01 2500
0.312 0.0033 7500
0.329 0.01 2500
0.329 0.0033 7500
0.345 0.01 2500
0.345 0.0033 7500
0.361 0.01 2500
0.361 0.0033 7500
0.378 0.01 2500
0.378 0.0033 7500
0.394 0.01 2500
0.394 0.0033 7500
0.41 0.01 2500
0.41 0.0033 7500
0.427 0.01 2500
0.427 0.0033 7500
0.443 0.01 2500
0.443 0.0033 7500
0.459 0.01 2500
0.459 0.0033 7500
0.476 0.01 2500
0.476 0.0033 7500
0.492 0.01 2500
0.492 0.0033 7500
0.508 0.01 2500
0.508 0.0033 7500
0.524 0.01 2500
0.524 0.0033 7500
0.541 0.01 2500
0.541 0.0033 7500
0.557 0.01 2500
0.557 0.0033 7500
0.573 0.01 2500
0.573 0.0033 7500
0.59 0.01 2500
0.59 0.0033 7500
0.606 0.01 2500
0.606 0.0033 7500
0.622 0.01 2500
0.622 0.0033 7500
0.639 0.01 2500
0.639 0.0033 7500
0.655 0.01 2500
0.655 0.0033 7500
0.671 0.01 2500
0.671 0.0033 7500
0.688 0.01 2500
0.688 0.0033 7500
0.704 0.01 2500
0.704 0.0033 7500
0.72 0.01 2500
0.72 0.0033 7500
0.737 0.01 2500
0.737 0.0033 7500
0.753 0.01 2500
0.753 0.0033 7500
0.769 0.01 2500
0.769 0.0033 7500
0.786 0.01 2500
0.786 0.0033 7500
0.802 0.01 2500
0.802 0.0033 7500
0.818 0.01 2500
0.818 0.0033 7500
0.835 0.01 2500
0.835 0.0033 7500
0.851 0.01 2500
0.851 0.0033 7500
0.867 0.01 2500
0.867 0.0033 7500
0.884 0.01 2500
0.884 0.0033 7500
0.9 0.01 2500
0.9 0.0033 7500
0.25 0.01 200.0
0.75 0.0033 200.0
0.25 0.01 400.0
0.75 0.0033 400.0
0.25 0.01 600.0
0.75 0.0033 600.0
0.25 0.01 800.0
0.75 0.0033 800.0
0.25 0.01 1000.0
0.75 0.0033 1000.0
0.25 0.01 1200.0
0.75 0.0033 1200.0
0.25 0.01 1400.0
0.75 0.0033 1400.0
0.25 0.01 1600.0
0.75 0.0033 1600.0
0.25 0.01 1800.0
0.75 0.0033 1800.0
0.25 0.01 2000.0
0.75 0.0033 2000.0
0.25 0.01 2200.0
0.75 0.0033 2200.0
0.25 0.01 2400.0
0.75 0.0033 2400.0
0.25 0.01 2600.0
0.75 0.0033 2600.0
0.25 0.01 2800.0
0.75 0.0033 2800.0
0.25 0.01 3000.0
0.75 0.0033 3000.0
0.25 0.01 3200.0
0.75 0.0033 3200.0
0.25 0.01 3400.0
0.75 0.0033 3400.0
0.25 0.01 3600.0
0.75 0.0033 3600.0
0.25 0.01 3800.0
0.75 0.0033 3800.0
0.25 0.01 4000.0
0.75 0.0033 4000.0
0.25 0.01 4200.0
0.75 0.0033 4200.0
0.25 0.01 4400.0
0.75 0.0033 4400.0
0.25 0.01 4600.0
0.75 0.0033 4600.0
0.25 0.01 4800.0
0.75 0.0033 4800.0
0.25 0.01 5000.0
0.75 0.0033 5000.0
0.25 0.01 5200.0
0.75 0.0033 5200.0
0.25 0.01 5400.0
0.75 0.0033 5400.0
0.25 0.01 5600.0
0.75 0.0033 5600.0
0.25 0.01 5800.0
0.75 0.0033 5800.0
0.25 0.01 6000.0
0.75 0.0033 6000.0
0.25 0.01 6200.0
0.75 0.0033 6200.0
0.25 0.01 6400.0
0.75 0.0033 6400.0
0.25 0.01 6600.0
0.75 0.0033 6600.0
0.25 0.01 6800.0
0.75 0.0033 6800.0
0.25 0.01 7000.0
0.75 0.0033 7000.0
0.25 0.01 7200.0
0.75 0.0033 7200.0
0.25 0.01 7400.0
0.75 0.0033 7400.0
0.25 0.01 7600.0
0.75 0.0033 7600.0
0.25 0.01 7800.0
0.75 0.0033 7800.0
0.25 0.01 8000.0
0.75 0.0033 8000.0
0.25 0.01 8200.0
0.75 0.0033 8200.0
0.25 0.01 8400.0
0.75 0.0033 8400.0
0.25 0.01 8600.0
0.75 0.0033 8600.0
0.25 0.01 8800.0
0.75 0.0033 8800.0
0.25 0.01 9000.0
0.75 0.0033 9000.0
0.25 0.01 9200.0
0.75 0.0033 9200.0
0.25 0.01 9400.0
0.75 0.0033 9400.0
0.25 0.01 9600.0
0.75 0.0033 9600.0
0.25 0.01 9800.0
0.75 0.0033 9800.0
0.25 0.01 10000.0
0.75 0.0033 10000.0
0.25 0.002 2500
0.75 0.002 7500
0.25 0.003 2500
0.75 0.003 7500
0.25 0.004 2500
0.75 0.004 7500
0.25 0.004 2500
0.75 0.004 7500
0.25 0.005 2500
0.75 0.005 7500
0.25 0.006 2500
0.75 0.006 7500
0.25 0.007 2500
0.75 0.007 7500
0.25 0.007 2500
0.75 0.007 7500
0.25 0.008 2500
0.75 0.008 7500
0.25 0.009 2500
0.75 0.009 7500
0.25 0.01 2500
0.75 0.01 7500
0.25 0.011 2500
0.75 0.011 7500
0.25 0.011 2500
0.75 0.011 7500
0.25 0.012 2500
0.75 0.012 7500
0.25 0.013 2500
0.75 0.013 7500
0.25 0.014 2500
0.75 0.014 7500
0.25 0.014 2500
0.75 0.014 7500
0.25 0.015 2500
0.75 0.015 7500
0.25 0.016 2500
0.75 0.016 7500
0.25 0.017 2500
0.75 0.017 7500
0.25 0.018 2500
0.75 0.018 7500
0.25 0.018 2500
0.75 0.018 7500
0.25 0.019 2500
0.75 0.019 7500
0.25 0.02 2500
0.75 0.02 7500
0.25 0.021 2500
0.75 0.021 7500
0.25 0.021 2500
0.75 0.021 7500
0.25 0.022 2500
0.75 0.022 7500
0.25 0.023 2500
0.75 0.023 7500
0.25 0.024 2500
0.75 0.024 7500
0.25 0.024 2500
0.75 0.024 7500
0.25 0.025 2500
0.75 0.025 7500
0.25 0.026 2500
0.75 0.026 7500
0.25 0.027 2500
0.75 0.027 7500
0.25 0.028 2500
0.75 0.028 7500
0.25 0.028 2500
0.75 0.028 7500
0.25 0.029 2500
0.75 0.029 7500
0.25 0.03 2500
0.75 0.03 7500
0.25 0.031 2500
0.75 0.031 7500
0.25 0.031 2500
0.75 0.031 7500
0.25 0.032 2500
0.75 0.032 7500
0.25 0.033 2500
0.75 0.033 7500
0.25 0.034 2500
0.75 0.034 7500
0.25 0.035 2500
0.75 0.035 7500
0.25 0.035 2500
0.75 0.035 7500
0.25 0.036 2500
0.75 0.036 7500
0.25 0.037 2500
0.75 0.037 7500
0.25 0.038 2500
0.75 0.038 7500
0.25 0.038 2500
0.75 0.038 7500
0.25 0.039 2500
0.75 0.039 7500
0.25 0.04 2500
0.75 0.04 7500
