1521924
1490687
1530210
1529613
1480234
13785017
13948905
13740510
13772817
14010258
1522661
1511967
1494608
1547790
1543258
13996770
13845167
13811708
13706324
13796883
1525787
1529371
1526260
1563531
1521510
13812245
13958410
13888005
14021788
13826660
1532011
1519581
1497319
1512167
1532470
13985080
14003607
13775253
13834176
13950132
234664
228122
237730
239835
240148
225934
220067
223334
230202
219449
1516867
1476896
1513941
1501581
1501919
1487442
1479276
1457671
1513484
1486023
6191621
6119684
6271393
6123500
6177516
6093695
6131082
6039928
6006809
6151543
13699530
13884907
14138259
13966785
14009430
13909874
13817699
13908749
13846121
13778634
24886084
24910806
24977444
25088655
24787808
24747802
24875377
24647980
24591943
24742850
1577589
1525766
1552888
1573237
1545280
14060346
13971434
13935248
14072327
14079998
1554539
1525780
1520358
1570206
1518531
13929193
13940511
13783331
13890000
13915274
1460547
1455573
1479692
1474481
1503941
13685019
13858812
13800121
13758810
13796600
1449276
1471077
1463385
1502749
1470443
13757681
13953300
13605149
13979267
13927905
