14672
14826
14749
14874
14774
48665
48622
48697
48611
48796
14822
14824
14659
14708
14850
48912
48899
48875
48767
48793
14706
14828
14875
14866
14643
48752
48850
48656
48746
48851
14793
14780
14743
14852
14817
49077
48921
48769
48876
48761
14694
14832
14803
14819
14965
48721
48923
48905
48579
48801
14719
14938
14652
14886
14781
48694
48893
48782
48745
48706
14783
14725
14944
14944
14866
48835
48717
48849
49222
48989
14808
14800
14822
14707
14822
48952
48622
48826
48918
48765
14754
14691
14601
14727
14998
48950
48777
48629
48787
48980
14690
14881
14595
14633
14671
48648
48897
48882
48803
48871
14869
14853
14729
14720
14860
48782
48864
48929
49075
48746
14974
14773
14649
14829
14949
48832
48882
48833
48786
48785
14774
14843
14817
14695
14636
49058
48954
48937
48944
48872
14782
14820
14866
14780
14983
48841
48648
48715
48839
49034
14778
14851
14820
14740
14763
49094
48906
48998
48806
49029
14879
14936
14871
14879
14657
48590
48905
48715
48791
48914
14972
14794
14771
14785
14959
48835
49091
48633
48701
48871
14778
14877
14892
14863
14824
48745
49074
48826
48901
48915
14697
14785
14905
14806
14941
49172
48840
48978
48886
48878
14828
14834
14817
14790
14797
48878
48920
48941
49037
48969
14982
15105
14594
14844
14919
48850
49097
48860
48847
48812
14749
14858
14744
14822
14779
48721
48635
48656
48825
48961
14798
14897
14853
14777
14900
48722
48890
48706
48866
48816
14962
14881
14701
14739
14807
48677
48797
48805
48683
48946
14734
14870
14703
14622
14890
49071
48916
48699
48849
48794
14888
14881
14920
14751
14788
49060
48760
48904
48970
48785
14684
14767
14599
14916
14928
48938
48957
49064
48806
48844
14782
14920
14815
14739
14833
48796
48747
48771
48874
48935
14757
14859
14888
14747
14806
48890
49043
48743
48891
48876
14678
14848
14970
15017
14879
49000
48884
48862
48782
48900
14848
14824
14829
14720
14867
49042
48786
49055
49023
48949
14876
14910
14884
14895
14846
48874
48716
48894
48871
48915
14789
14727
14686
14825
14817
48733
48883
48974
49147
49054
14767
14775
14952
14860
14826
49244
48969
49073
49196
49041
14868
14753
14910
14765
14926
48928
48969
49056
48884
48964
14654
14811
15006
14754
14950
48948
48883
48771
48947
48862
14901
14773
14853
14673
14786
48820
48834
48811
48909
48668
14787
14748
14847
14881
14873
48895
49260
48674
48774
48852
14708
14861
14959
14869
14771
48771
48880
49226
48970
48688
14964
14758
14846
14934
14931
48886
48917
48913
48927
48834
14981
14589
14830
14833
14785
48739
49087
48847
48780
48951
14797
14794
14876
14878
14912
48808
48952
49016
48773
48983
14845
14784
14899
14857
14856
48840
48782
48803
48513
48867
14758
14823
14755
14766
14937
49235
48720
48873
49043
48834
14731
14855
14938
14674
14825
48953
48898
48806
48906
48981
14906
14811
14935
14786
14844
48949
48730
48763
48852
48832
14944
14796
14864
15027
14864
48919
48819
49182
48899
48779
14832
14838
14894
14958
14925
49131
48898
48873
48884
48844
14721
14890
14833
14847
14857
48989
48802
48887
48907
49164
14968
14916
14893
14777
14858
48908
48908
48906
48821
49059
732
732
732
732
732
732
732
732
732
732
1664
1664
1664
1664
1664
1664
1664
1664
1664
1664
2660
2660
2660
2660
2660
2660
2660
2660
2660
2660
3728
3728
3728
3728
3728
3728
3728
3728
3728
3728
4932
4932
4932
4932
4932
4932
4932
4932
4932
4932
5920
5920
5920
5920
5920
5920
5920
5920
5920
5920
7044
7044
7044
7044
7044
7044
7044
7044
7044
7044
8256
8256
8256
8256
8256
8256
8256
8256
8256
8256
9508
9508
9508
9508
9508
9508
9508
9508
9508
9508
10864
10864
10864
10864
10864
10864
10864
10864
10864
10864
11940
11940
11940
11940
11940
11940
11940
11940
11940
11940
13040
13040
13040
13040
13040
13040
13040
13040
13040
13040
14260
14260
14260
14260
14260
14260
14260
14260
14260
14260
15488
15488
15488
15488
15488
15488
15488
15488
15488
15488
16828
16828
16828
16828
16828
16828
16828
16828
16828
16828
18112
18112
18112
18112
18112
18112
18112
18112
18112
18112
19372
19372
19372
19372
19372
19372
19372
19372
19372
19372
20816
20816
20816
20816
20816
20816
20816
20816
20816
20816
22188
22188
22188
22188
22188
22188
22188
22188
22188
22188
23728
23728
23728
23728
23728
23728
23728
23728
23728
23728
25012
25012
25012
25012
25012
25012
25012
25012
25012
25012
26080
26080
26080
26080
26080
26080
26080
26080
26080
26080
27324
27324
27324
27324
27324
27324
27324
27324
27324
27324
28480
28480
28480
28480
28480
28480
28480
28480
28480
28480
29804
29804
29804
29804
29804
29804
29804
29804
29804
29804
31120
31120
31120
31120
31120
31120
31120
31120
31120
31120
32380
32380
32380
32380
32380
32380
32380
32380
32380
32380
33776
33776
33776
33776
33776
33776
33776
33776
33776
33776
35140
35140
35140
35140
35140
35140
35140
35140
35140
35140
36656
36656
36656
36656
36656
36656
36656
36656
36656
36656
38156
38156
38156
38156
38156
38156
38156
38156
38156
38156
39424
39424
39424
39424
39424
39424
39424
39424
39424
39424
40756
40756
40756
40756
40756
40756
40756
40756
40756
40756
42144
42144
42144
42144
42144
42144
42144
42144
42144
42144
43628
43628
43628
43628
43628
43628
43628
43628
43628
43628
45232
45232
45232
45232
45232
45232
45232
45232
45232
45232
46636
46636
46636
46636
46636
46636
46636
46636
46636
46636
48176
48176
48176
48176
48176
48176
48176
48176
48176
48176
49780
49780
49780
49780
49780
49780
49780
49780
49780
49780
51456
51456
51456
51456
51456
51456
51456
51456
51456
51456
53268
53268
53268
53268
53268
53268
53268
53268
53268
53268
54224
54224
54224
54224
54224
54224
54224
54224
54224
54224
55356
55356
55356
55356
55356
55356
55356
55356
55356
55356
56560
56560
56560
56560
56560
56560
56560
56560
56560
56560
57820
57820
57820
57820
57820
57820
57820
57820
57820
57820
59248
59248
59248
59248
59248
59248
59248
59248
59248
59248
60420
60420
60420
60420
60420
60420
60420
60420
60420
60420
61760
61760
61760
61760
61760
61760
61760
61760
61760
61760
63148
63148
63148
63148
63148
63148
63148
63148
63148
63148
64608
64608
64608
64608
64608
64608
64608
64608
64608
64608
13890
13917
13973
13825
13854
48317
48250
48251
48103
48179
13915
13999
14004
14022
13975
48813
48733
48780
48783
48666
14163
14156
14090
14202
14064
49198
49044
49271
49391
49230
14015
14115
14119
14041
14234
49186
49599
49170
49389
49224
14195
14170
14166
14238
14203
49544
49647
50043
49567
49528
14247
14476
14340
14259
14296
50292
50152
50176
49983
50301
14488
14508
14509
14522
14491
50901
50588
50572
50774
50911
14403
14670
14405
14538
14479
50769
50665
50888
50563
50550
14600
14725
14492
14557
14621
51223
50811
51483
50706
51056
14597
14575
14553
14725
14739
51213
51549
51484
51658
51723
14802
14748
14820
14671
14835
51878
51939
52196
52021
51848
15022
15140
14789
14817
14982
52562
52582
52316
52112
52491
14845
14979
15128
14856
14969
52433
52576
52511
52609
52450
15091
15085
15035
15264
14795
52990
52705
52823
53140
52791
15189
15239
15228
15139
15208
53625
53342
53681
53343
53271
15274
15463
15077
15189
15218
53958
53744
53789
54013
53853
15390
15379
15328
15316
15321
53606
54161
53811
53470
53905
15685
15503
15297
15263
15345
53638
54037
54304
54522
53924
15589
15451
15518
15392
15382
54550
55005
54529
54539
54943
15851
15809
15473
15593
15680
55042
55104
55353
55013
55230
15974
15895
15837
15610
15693
55319
55834
55148
55617
55666
15759
15849
15679
15843
15689
55458
56345
55849
55586
55369
15830
16151
15809
15809
15869
55777
56137
56281
55825
56195
15826
16078
15829
15714
15914
56384
56321
56322
57014
56546
15995
16046
16047
16074
15890
57377
56540
56104
57279
56881
16142
16064
15920
16010
16045
56463
56905
56804
56581
56524
15991
16260
16169
16514
16086
57360
57999
57237
56891
57273
16493
16369
16148
16472
16102
57988
57347
57565
58190
57884
16659
16203
16291
16350
16186
58334
58063
58379
58548
57739
16138
16473
16578
16359
16469
58881
57891
58061
58764
57950
16325
16525
16428
16539
16710
58321
58791
59210
59322
59267
16586
16932
16604
16785
16958
59492
59097
59446
58313
59319
17062
16660
16340
16599
16441
59986
59663
59678
59257
59333
17020
16905
16934
16671
17046
59365
59699
59853
60256
60418
16948
16901
16942
17369
17054
60168
59895
60030
60617
60313
16968
16888
17064
16957
16721
60270
60385
60212
60790
60011
16888
16943
17356
17466
16942
60286
60962
60270
60931
60474
17005
17375
17236
17328
17235
60805
61362
61041
61146
61503
17191
17065
17492
17405
17006
61281
61405
60653
61127
61792
17007
17010
17089
17130
17193
61206
62289
61040
61687
62021
17292
17333
17424
17249
17455
62497
62307
62145
61357
62413
17602
17527
17572
17542
17187
62543
63199
62486
63493
62368
17196
17573
17352
17537
17391
63727
63342
63807
62859
63527
17302
17836
17699
17639
17621
63267
63642
62660
63846
62947
17516
17692
17726
17410
17769
63967
63567
63907
62450
63765
17767
17836
17833
17964
17817
64267
64959
63518
63198
64816
17820
17492
17688
18103
17635
64171
64754
66037
64525
64418
17650
17804
17763
17835
17891
64631
64588
64622
63577
65006
17910
17800
17800
18104
17895
65556
65166
64390
65350
65287
18154
18086
18590
17994
18222
65601
64902
65762
67244
65443
