38201
30948
27560
26517
28087
73928
88833
104625
97407
79705
29157
23280
28910
31818
33483
56161
103383
68480
107910
85304
34713
38987
34452
30524
23364
99003
111795
79126
85978
60450
28591
22598
35195
36532
22982
84682
88881
86433
103616
98283
32371
27147
26134
27207
24588
91859
74595
94408
82947
60850
32489
26701
33769
24920
24324
99743
93667
106374
87873
89587
31183
28103
42533
24916
38191
65355
111591
100759
86929
103353
24371
29161
28878
30868
26780
109926
77317
100731
118854
131453
37212
26462
33506
36946
31683
115698
69461
67685
99941
70228
35666
23295
25461
29825
37499
107148
98104
93200
88157
78466
25283
20217
32877
26449
31747
90858
107703
92503
116038
83706
25048
35395
24936
28451
33817
113074
98120
90118
80029
101825
29884
28079
26870
25827
28857
95492
96666
88453
94645
91343
34074
35396
18328
35298
31201
111805
98608
74939
86254
123796
38054
33576
33130
32786
31192
95241
83662
68299
68616
73709
35165
27803
32662
21838
33923
105990
58601
94901
86451
74889
25378
36082
25957
31126
33932
95540
82775
93975
101398
93935
34235
26447
23775
21689
35010
86186
86588
94330
111188
111064
31072
36711
27950
25607
27361
51142
81676
103478
78159
86014
33383
27066
36607
18560
31905
90393
84890
110484
82056
103617
18832
30968
33922
30601
41248
104925
93610
96607
95279
103057
26536
37672
31499
23332
36699
98872
95139
50883
103878
79331
29756
29169
33737
34011
36581
94428
104530
106262
96544
85941
25887
24609
34257
22435
34697
132399
94856
58480
85777
89828
31002
28429
34853
29869
30826
99582
63867
79128
73738
74585
27388
29560
32582
28972
24315
98066
89719
56525
109448
88885
32733
34469
23056
24215
27211
91549
98072
58103
130149
85701
28236
18897
19383
27902
29113
71281
91902
80052
77407
82364
30144
31969
35664
33114
25724
77596
62272
102019
86660
64519
28375
29187
29531
34780
26533
97497
80390
90140
90469
71526
31278
31030
30516
24870
23114
86911
98062
94245
105349
90683
21480
29263
35841
24924
27276
80307
98178
86144
100027
70290
28712
35116
34994
40811
33693
80166
72997
66468
91232
89947
30856
24954
23955
35684
24645
74895
75090
92030
116439
84526
24856
27398
29747
27146
29749
86938
93037
88604
100235
102527
32955
26980
32612
30280
32402
100370
131119
94441
106391
98979
26524
24757
26259
28220
32703
56349
86753
97877
111815
103865
33106
28222
37914
30620
31940
86586
94967
74972
82579
78339
26645
27625
33564
23814
36118
88080
105069
103795
88410
96469
38263
23419
22848
27024
29086
79299
105986
103485
84764
86143
38208
27889
36647
26929
30163
80386
96426
87599
69249
64328
30656
37415
30184
24930
21089
87424
98098
87136
66140
87193
21665
27776
33162
25595
23267
82227
102948
80753
100657
113232
22181
29352
37535
27623
27684
95809
98146
102236
112806
103263
27362
34054
32244
29736
29230
79401
94504
117199
95291
118032
26869
29472
38181
32250
28892
73364
109070
114956
65519
112459
28170
27065
31138
25428
31183
102188
91057
88795
106856
110497
28398
33607
27078
27832
31442
105200
117057
94726
87303
113026
31465
31869
32980
22156
34503
79532
78747
72313
94470
97277
22959
29338
23587
28037
34845
93381
115889
93849
72929
57761
0
0
0
0
0
0
0
0
0
0
0
0
0
0
0
0
0
0
0
0
0
0
0
0
0
0
0
0
0
0
0
0
0
0
0
0
0
0
0
0
0
0
0
0
0
0
0
0
0
0
0
0
0
0
0
0
0
0
0
0
0
0
0
0
0
0
0
0
0
0
0
0
0
0
0
0
0
0
0
0
0
0
0
0
0
0
0
0
0
0
0
0
0
0
0
0
0
0
0
0
0
0
0
0
0
0
0
0
0
0
0
0
0
0
0
0
0
0
0
0
0
0
0
0
0
0
0
0
0
0
0
0
0
0
0
0
0
0
0
0
0
0
0
0
0
0
0
0
0
0
0
0
0
0
0
0
0
0
0
0
0
0
0
0
0
0
0
0
0
0
0
0
0
0
0
0
0
0
0
0
0
0
0
0
0
0
0
0
0
0
0
0
0
0
0
0
0
0
0
0
0
0
0
0
0
0
0
0
0
0
0
0
0
0
0
0
0
0
0
0
0
0
0
0
0
0
0
0
0
0
0
0
0
0
0
0
0
0
0
0
0
0
0
0
0
0
0
0
0
0
0
0
0
0
0
0
0
0
0
0
0
0
0
0
0
0
0
0
0
0
0
0
0
0
0
0
0
0
0
0
0
0
0
0
0
0
0
0
0
0
0
0
0
0
0
0
0
0
0
0
0
0
0
0
0
0
0
0
0
0
0
0
0
0
0
0
0
0
0
0
0
0
0
0
0
0
0
0
0
0
0
0
0
0
0
0
0
0
0
0
0
0
0
0
0
0
0
0
0
0
0
0
0
0
0
0
0
0
0
0
0
0
0
0
0
0
0
0
0
0
0
0
0
0
0
0
0
0
0
0
0
0
0
0
0
0
0
0
0
0
0
0
0
0
0
0
0
0
0
0
0
0
0
0
0
0
0
0
0
0
0
0
0
0
0
0
0
0
0
0
0
0
0
0
0
0
0
0
0
0
0
0
0
0
0
0
0
0
0
0
0
0
0
0
0
0
0
0
0
0
0
0
0
0
0
0
0
0
0
0
0
0
0
0
0
0
0
0
0
0
0
0
0
0
0
0
0
0
0
0
0
0
0
0
0
0
0
0
0
0
0
0
0
0
0
0
0
0
0
0
8172
8113
5499
7257
7104
61416
60528
38462
57758
51041
5831
7828
9993
9003
9744
79511
88752
62789
101894
89722
14936
16618
18302
11649
10704
97748
122582
132987
158109
123153
17390
10020
19834
7687
14712
113077
114569
108330
117507
125566
15756
19042
17011
13828
15796
141702
134672
156935
154482
145679
11539
17865
14655
18050
18261
153128
144829
179025
144853
141735
25423
14878
20927
27562
27459
176701
167810
185724
173749
170561
14852
19662
17371
21308
19955
212819
179935
182617
177752
192763
20678
23998
16597
25502
17762
243553
240184
208338
236439
251175
17007
25958
24134
36033
16018
233040
243078
262385
309332
234456
32142
20176
40411
24808
26930
275734
267478
302901
224852
260608
37382
41469
31232
29700
33698
297635
267477
308562
302503
281331
36238
33968
27587
38193
37166
305354
293381
294640
284968
325481
33923
38235
29432
40609
28902
331791
289379
311302
291587
289460
45295
46111
46863
36265
35584
368365
394168
359822
348452
393746
33160
35537
37814
34107
53512
390384
373182
365760
405630
396909
34676
40901
41254
34238
45954
429546
464287
370064
445174
365149
46611
36766
36330
43219
37571
380190
394274
396867
389255
364142
49451
43746
42928
52502
52958
451636
440790
425210
433202
376700
39312
58407
48893
45169
47290
486039
475161
443847
428072
446586
55122
39487
63333
51709
54641
470350
484939
451267
494311
401873
60660
53789
45965
44438
56440
510663
514675
451781
506757
525777
58028
51649
57666
61249
43822
547606
514998
512482
496785
492412
68479
50016
48074
59237
62567
530136
536892
546041
540381
552020
70258
53545
62900
68173
47731
574082
595242
597744
523702
576371
60919
63437
66567
74299
58818
547222
533125
505072
535515
533129
59662
53232
69391
71363
64164
595304
550952
587184
598438
564278
70891
65971
60423
57021
67616
627708
638638
635146
648673
653993
48576
57244
71647
69791
69243
623586
601147
657666
614856
623633
76353
67103
75468
70131
69517
609922
611088
667556
611098
666571
72408
76180
63749
78598
78019
695713
681811
718657
619606
732541
73303
69315
71133
70725
78738
690800
745779
693528
721842
705214
81875
87424
76990
80120
79822
645490
747929
668679
711200
758029
94867
86129
86945
79095
80748
779583
713522
769845
751390
706253
74865
85441
80706
79565
75818
651302
734337
799970
677075
652328
87341
90661
81652
99519
69112
750841
773506
853938
735448
778149
79922
110246
98227
79158
85681
802296
847825
731300
830498
817280
96995
77780
91354
84163
92364
798424
875554
889449
813749
814784
85044
85976
87097
109734
81298
841623
891561
745926
845117
832203
93037
74143
94777
87921
97357
845627
781145
808717
803248
852308
100845
73778
89201
94947
110732
818703
929978
875405
888543
897627
104880
99810
96850
98759
100306
880119
962268
892576
852931
947755
110522
112216
95301
105903
112267
903406
921130
869953
924706
1026400
104013
85345
102990
106118
93593
932913
917198
966624
954434
933200
109071
115964
108232
117536
95413
983905
1044874
965178
947815
958305
105861
113360
113213
104573
91600
979257
930866
1090134
1088523
905205
98730
99718
105925
84974
103853
1002888
944681
971085
981556
1067164
104598
106767
100641
117436
113266
929326
933977
1071328
984126
983353
114285
126861
100891
104261
118282
1009649
984617
986880
1122513
1023289
104141
116389
106916
104274
122382
1081062
1056018
1122668
981374
1050449
