38581
77295
113885
83926
61857
265454
1480903
909700
325598
727355
359174
227863
88849
74198
276203
505568
1110312
1354896
764131
1139419
147080
265967
179434
329732
255422
818274
833358
954563
1352139
1397462
139365
123034
124037
136470
220175
1579170
1685375
1369108
1020059
1527500
10675
37406
31454
14451
31143
214288
185687
96474
128089
95298
80586
27462
62720
36065
140125
207539
249952
530094
562728
62239
189086
300407
176267
104810
78866
1368847
1829229
631359
900249
1410944
319395
271507
684509
737847
140347
635010
1202152
2403338
2337008
555128
268114
927125
549955
529304
498462
2848698
3945708
2070714
2046457
1505853
46919
75348
57695
51016
29646
205358
336425
221489
312018
249536
88624
76229
66765
20191
47504
864262
1053353
1537215
437624
592536
70463
205528
171602
70012
174732
2332139
1725285
730083
1052583
2059554
240411
313963
207178
77423
151104
1983580
2386022
2598189
1074509
2421204
