0.1
0.1
0.116
0.116
0.133
0.133
0.149
0.149
0.165
0.165
0.182
0.182
0.198
0.198
0.214
0.214
0.231
0.231
0.247
0.247
0.263
0.263
0.28
0.28
0.296
0.296
0.312
0.312
0.329
0.329
0.345
0.345
0.361
0.361
0.378
0.378
0.394
0.394
0.41
0.41
0.427
0.427
0.443
0.443
0.459
0.459
0.476
0.476
0.492
0.492
0.508
0.508
0.524
0.524
0.541
0.541
0.557
0.557
0.573
0.573
0.59
0.59
0.606
0.606
0.622
0.622
0.639
0.639
0.655
0.655
0.671
0.671
0.688
0.688
0.704
0.704
0.72
0.72
0.737
0.737
0.753
0.753
0.769
0.769
0.786
0.786
0.802
0.802
0.818
0.818
0.835
0.835
0.851
0.851
0.867
0.867
0.884
0.884
0.9
0.9
0.25
0.75
0.25
0.75
0.25
0.75
0.25
0.75
0.25
0.75
0.25
0.75
0.25
0.75
0.25
0.75
0.25
0.75
0.25
0.75
0.25
0.75
0.25
0.75
0.25
0.75
0.25
0.75
0.25
0.75
0.25
0.75
0.25
0.75
0.25
0.75
0.25
0.75
0.25
0.75
0.25
0.75
0.25
0.75
0.25
0.75
0.25
0.75
0.25
0.75
0.25
0.75
0.25
0.75
0.25
0.75
0.25
0.75
0.25
0.75
0.25
0.75
0.25
0.75
0.25
0.75
0.25
0.75
0.25
0.75
0.25
0.75
0.25
0.75
0.25
0.75
0.25
0.75
0.25
0.75
0.25
0.75
0.25
0.75
0.25
0.75
0.25
0.75
0.25
0.75
0.25
0.75
0.25
0.75
0.25
0.75
0.25
0.75
0.25
0.75
0.25
0.75
0.25
0.75
0.25
0.75
0.25
0.75
0.25
0.75
0.25
0.75
0.25
0.75
0.25
0.75
0.25
0.75
0.25
0.75
0.25
0.75
0.25
0.75
0.25
0.75
0.25
0.75
0.25
0.75
0.25
0.75
0.25
0.75
0.25
0.75
0.25
0.75
0.25
0.75
0.25
0.75
0.25
0.75
0.25
0.75
0.25
0.75
0.25
0.75
0.25
0.75
0.25
0.75
0.25
0.75
0.25
0.75
0.25
0.75
0.25
0.75
0.25
0.75
0.25
0.75
0.25
0.75
0.25
0.75
0.25
0.75
0.25
0.75
0.25
0.75
0.25
0.75
0.25
0.75
0.25
0.75
0.25
0.75
0.25
0.75
0.25
0.75
0.25
0.75
0.25
0.75
0.25
0.75
0.25
0.75
0.25
0.75
0.25
0.75
